---------------^_^ STR 签到-------------
Comm_Send(141):00 8B 30 31 20 20 20 20 20 20 20 20 20 20 70 6F 2D 50 56 32 30 31 39 31 32 2D 30 30 30 30 33 38 30 32 00 69 60 00 03 00 00 60 33 00 33 70 34 08 00 00 20 00 00 00 C0 00 16 00 00 03 30 35 33 31 35 38 31 32 38 39 38 33 33 30 31 36 30 31 32 30 30 32 31 00 11 00 00 00 01 00 30 00 43 53 65 71 75 65 6E 63 65 20 4E 6F 33 30 00 00 00 00 30 30 30 30 33 38 30 32 54 45 53 30 50 36 31 30 30 30 31 30 30 30 30 30 32 37 00 03 30 31 20 


Comm_Recv(121):00 79 60 00 00 00 03 60 33 00 33 70 34 08 10 00 38 00 01 0A C0 00 14 00 00 03 15 46 49 04 15 08 00 09 33 10 31 35 34 36 34 39 30 36 39 35 34 35 30 30 30 35 33 31 35 38 31 32 38 39 38 33 33 30 31 36 30 31 32 30 30 32 31 00 11 00 00 16 86 00 30 00 40 90 B5 8F EE B4 D0 09 C8 53 8C 48 C6 95 45 7D 30 CB DC 7C 40 08 72 86 62 DE A0 C8 C7 00 00 00 00 00 00 00 00 9B FC 21 13 

---------------^_^ STR 公钥下载-------------
Comm_Send(93):00 5B 30 31 20 20 20 20 20 20 20 20 20 20 70 6F 2D 50 56 32 30 31 39 31 32 2D 30 30 30 30 33 38 30 32 00 39 60 00 03 00 00 60 33 00 33 70 34 08 20 00 00 00 00 00 C0 00 14 30 35 33 31 35 38 31 32 38 39 38 33 33 30 31 36 30 31 32 30 30 32 31 00 11 00 00 16 86 37 30 00 03 31 30 30 

Comm_Recv(407):01 97 60 00 00 00 03 60 33 00 33 70 34 08 30 00 18 00 00 02 C0 00 14 15 46 51 04 15 30 30 30 35 33 31 35 38 31 32 38 39 38 33 33 30 31 36 30 31 32 30 30 32 31 00 11 00 00 16 86 37 30 03 46 31 9F 06 05 A0 00 00 00 10 9F 22 01 02 DF 05 08 32 30 39 39 31 32 33 31 9F 06 05 A0 00 00 00 25 9F 22 01 0E DF 05 08 32 30 32 38 31 32 33 31 9F 06 05 A0 00 00 00 25 9F 22 01 0F DF 05 08 32 30 32 39 31 32 33 31 9F 06 05 A0 00 00 00 25 9F 22 01 10 DF 05 08 32 30 32 39 31 32 33 31 9F 06 05 A0 00 00 01 52 9F 22 01 03 DF 05 08 32 30 31 37 31 32 33 31 9F 06 05 A0 00 00 01 52 9F 22 01 04 DF 05 08 32 30 32 34 31 32 33 31 9F 06 05 A0 00 00 01 52 9F 22 01 05 DF 05 08 32 30 32 34 31 32 33 31 9F 06 05 A0 00 00 03 33 9F 22 01 01 DF 05 08 32 30 30 39 31 32 33 31 9F 06 05 A0 00 00 03 33 9F 22 01 02 DF 05 08 32 30 32 31 31 32 33 31 9F 06 05 A0 00 00 03 33 9F 22 01 03 DF 05 08 32 30 32 34 31 32 33 31 9F 06 05 A0 00 00 03 33 9F 22 01 04 DF 05 08 32 30 33 33 31 32 33 31 9F 06 05 A0 00 00 07 90 9F 22 01 20 DF 05 08 32 30 33 30 31 32 33 31 9F 06 05 A0 00 00 00 10 9F 22 01 01 DF 05 08 32 30 39 39 31 32 33 31 9F 06 05 A0 00 00 03 33 9F 22 01 11 DF 05 08 32 30 33 33 31 32 33 31 9F 06 05 A0 00 00 07 90 9F 22 01 28 DF 05 08 32 30 33 30 31 32 33 30 

---------------^_^ STR 1/15-------------
Comm_Send(102):00 64 30 31 20 20 20 20 20 20 20 20 20 20 70 6F 2D 50 56 32 30 31 39 31 32 2D 30 30 30 30 33 38 30 32 00 42 60 00 03 00 00 60 33 00 33 70 34 08 00 00 00 00 00 00 C0 00 14 30 35 33 31 35 38 31 32 38 39 38 33 33 30 31 36 30 31 32 30 30 32 31 00 11 00 00 16 86 37 00 00 12 9F 06 05 A0 00 00 07 90 9F 22 01 28 

Comm_Recv(211):00 D3 60 00 00 00 03 60 33 00 33 70 34 08 10 00 18 00 00 0A C0 00 14 15 46 52 04 15 36 30 30 33 31 39 36 33 33 32 34 39 30 30 30 35 33 31 35 38 31 32 38 39 38 33 33 30 31 36 30 31 32 30 30 32 31 00 11 00 00 16 86 37 00 01 38 31 9F 06 05 A0 00 00 07 90 9F 22 01 28 DF 05 08 32 30 33 30 31 32 33 30 DF 06 01 07 DF 07 01 04 DF 02 40 DA A2 C6 F6 0A 78 FB A2 56 0D FA 4B E7 55 0B F7 A6 44 DA 80 C0 57 74 4C E7 3C 7E 34 2B C6 FC C4 78 1E C4 38 D4 2D DD 1F F0 B2 BA 3E FE 68 73 CF B7 CB 33 F1 51 79 B1 8D FE D3 4B CD 9E 01 DF 07 DF 04 01 11 DF 03 20 FA A4 AE F9 B0 65 90 AB 79 BA 0F D2 A4 84 41 6E 45 6B 37 A1 BB 9C 57 89 21 3F 58 DA 2C C5 A7 ED 

---------------^_^ STR 2/15-------------

Comm_Send(102):00 64 30 31 20 20 20 20 20 20 20 20 20 20 70 6F 2D 50 56 32 30 31 39 31 32 2D 30 30 30 30 33 38 30 32 00 42 60 00 03 00 00 60 33 00 33 70 34 08 00 00 00 00 00 00 C0 00 14 30 35 33 31 35 38 31 32 38 39 38 33 33 30 31 36 30 31 32 30 30 32 31 00 11 00 00 16 86 37 00 00 12 9F 06 05 A0 00 00 03 33 9F 22 01 11 

Comm_Recv(211):00 D3 60 00 00 00 03 60 33 00 33 70 34 08 10 00 18 00 00 0A C0 00 14 15 46 53 04 15 36 30 30 33 31 39 36 33 38 39 31 32 30 30 30 35 33 31 35 38 31 32 38 39 38 33 33 30 31 36 30 31 32 30 30 32 31 00 11 00 00 16 86 37 00 01 38 31 9F 06 05 A0 00 00 03 33 9F 22 01 11 DF 05 08 32 30 33 33 31 32 33 31 DF 06 01 07 DF 07 01 04 DF 02 40 B1 77 89 55 50 EC 39 10 8C 9A AB 1F 79 96 8E 1F 75 E5 CF 81 C7 AB EC 0D 88 A7 8F A1 18 75 B2 B8 D5 7C 6D 20 8C 4A 1B ED 79 19 25 B0 87 75 A1 25 24 67 8D E2 11 8A 63 7E 5C AF E3 4A C2 2F 3D 3E DF 04 01 11 DF 03 20 83 04 D2 DD B0 C3 A3 E9 57 6A 1E 3A AE 0C C8 80 29 F0 57 56 16 38 9E E1 B8 ED 6B 99 9B 28 41 5B 

---------------^_^ STR 3/15-------------

Comm_Send(102):00 64 30 31 20 20 20 20 20 20 20 20 20 20 70 6F 2D 50 56 32 30 31 39 31 32 2D 30 30 30 30 33 38 30 32 00 42 60 00 03 00 00 60 33 00 33 70 34 08 00 00 00 00 00 00 C0 00 14 30 35 33 31 35 38 31 32 38 39 38 33 33 30 31 36 30 31 32 30 30 32 31 00 11 00 00 16 86 37 00 00 12 9F 06 05 A0 00 00 00 10 9F 22 01 01 

Comm_Recv(211):00 D3 60 00 00 00 03 60 33 00 33 70 34 08 10 00 18 00 00 0A C0 00 14 15 46 53 04 15 36 30 30 33 31 39 36 32 36 33 35 30 30 30 30 35 33 31 35 38 31 32 38 39 38 33 33 30 31 36 30 31 32 30 30 32 31 00 11 00 00 16 86 37 00 01 38 31 9F 06 05 A0 00 00 00 10 9F 22 01 01 DF 05 08 32 30 39 39 31 32 33 31 DF 06 01 07 DF 07 01 04 DF 02 40 E3 73 13 BC D0 C2 0C 5A E1 AB E1 8B 41 E1 41 B6 0A F3 9F A2 E4 0B A5 63 09 76 ED 80 DF AB 2F 43 5C 75 9F 9C 08 D5 B2 53 F9 67 08 32 74 A1 B3 36 35 6D 31 7F B9 EC B6 DD DF 86 38 99 DC 6C 1D 0F DF 04 01 11 DF 03 20 0C F9 D6 70 15 AA 9F 35 8B 29 1D DD 61 F4 A2 B3 EB B0 0E 42 3D 0D 8F D8 7B B2 81 41 EA 51 69 FB 


---------------^_^ STR 4/15-------------

Comm_Send(102):00 64 30 31 20 20 20 20 20 20 20 20 20 20 70 6F 2D 50 56 32 30 31 39 31 32 2D 30 30 30 30 33 38 30 32 00 42 60 00 03 00 00 60 33 00 33 70 34 08 00 00 00 00 00 00 C0 00 14 30 35 33 31 35 38 31 32 38 39 38 33 33 30 31 36 30 31 32 30 30 32 31 00 11 00 00 16 86 37 00 00 12 9F 06 05 A0 00 00 07 90 9F 22 01 20 

Comm_Recv(384):01 80 60 00 00 00 03 60 33 00 33 70 34 08 10 00 18 00 00 0A C0 00 14 15 46 54 04 15 36 30 30 33 31 39 36 33 33 32 36 39 30 30 30 35 33 31 35 38 31 32 38 39 38 33 33 30 31 36 30 31 32 30 30 32 31 00 11 00 00 16 86 37 00 03 11 31 9F 06 05 A0 00 00 07 90 9F 22 01 20 DF 05 08 32 30 33 30 31 32 33 31 DF 06 01 01 DF 07 01 01 DF 02 81 F8 BE 22 F5 95 12 B5 79 41 E3 0A 62 72 FA 62 83 B7 75 B5 3C 82 8C 4A FE 9B 71 E7 77 D1 E7 08 F5 A7 A5 FC C8 83 D0 E6 7E 6C D5 AB 6C 7D EC E9 F9 EF 54 90 A7 C9 C9 D8 DD 66 BE BC F0 88 EA 1E DE DB DE 3A 20 F4 4D 37 2E 8C 62 E5 6B 73 62 A2 C5 5E 04 81 A4 24 EE 2B B4 76 CE 11 CE C1 F2 5B 78 FA A4 15 1A 7D 1F 52 EA 2F F4 3B D6 84 04 97 16 F0 43 B8 30 F0 A3 18 EC 5A CD 14 D2 40 78 CE 50 05 7E 42 19 44 7F 0B EC FA 12 E4 0F D0 99 1D A8 26 6D 85 DE BD AF 2E CF 91 9F 1B EC 46 7B 4D CC 50 48 3B A9 45 AD 0B C2 F4 FC 1D 11 FA 4A C1 DB FF C3 F5 1C 74 06 E0 55 1F 6C 8E 54 10 BA C6 0E 94 B4 D6 D2 27 50 D1 7E 7D 71 82 08 6F 26 46 A6 28 8A B0 B1 AA 79 EB 49 EA 08 2D D2 1E 8B 0C E4 9E D6 07 44 05 1B 51 90 D5 83 6C 46 08 B0 E2 25 9F AB 39 D6 9B E9 53 91 B3 DF 04 01 03 DF 03 14 75 40 CA 90 50 EF 13 16 A9 D3 DD 64 45 62 48 12 2C DE 0C 2D 



---------------^_^ STR 5/15-------------

Comm_Send(102):00 64 30 31 20 20 20 20 20 20 20 20 20 20 70 6F 2D 50 56 32 30 31 39 31 32 2D 30 30 30 30 33 38 30 32 00 42 60 00 03 00 00 60 33 00 33 70 34 08 00 00 00 00 00 00 C0 00 14 30 35 33 31 35 38 31 32 38 39 38 33 33 30 31 36 30 31 32 30 30 32 31 00 11 00 00 16 86 37 00 00 12 9F 06 05 A0 00 00 03 33 9F 22 01 04 

Comm_Recv(384):01 80 60 00 00 00 03 60 33 00 33 70 34 08 10 00 18 00 00 0A C0 00 14 15 46 55 04 15 36 30 30 33 31 39 36 33 33 32 37 34 30 30 30 35 33 31 35 38 31 32 38 39 38 33 33 30 31 36 30 31 32 30 30 32 31 00 11 00 00 16 86 37 00 03 11 31 9F 06 05 A0 00 00 03 33 9F 22 01 04 DF 05 08 32 30 33 33 31 32 33 31 DF 06 01 01 DF 07 01 01 DF 02 81 F8 BC 85 3E 6B 53 65 E8 9E 7E E9 31 7C 94 B0 2D 0A BB 0D BD 91 C0 5A 22 4A 25 54 AA 29 ED 9F CB 9D 86 EB 9C CB B3 22 A5 78 11 F8 61 88 AA C7 35 1C 72 BD 9E F1 96 C5 A0 1A CE F7 A4 EB 0D 2A D6 3D 9E 6A C2 E7 83 65 47 CB 15 95 C6 8B CB AF D0 F6 72 87 60 F3 A7 CA 7B 97 30 1B 7E 02 20 18 4E FC 4F 65 30 08 D9 3C E0 98 C0 D9 3B 45 20 10 96 D1 AD FF 4C F1 F9 FC 02 AF 75 9D A2 7C D6 DF D6 D7 89 B0 99 F1 6F 37 8B 61 00 33 4E 63 F3 D3 5F 32 51 A5 EC 78 69 37 31 F5 23 35 19 CD B3 80 F5 AB 8C 0F 02 72 8E 91 D4 69 AB D0 EA E0 D9 3B 1C C6 6C E1 27 B2 9C 7D 77 44 1A 49 D0 9F CA 5D 6D 97 62 FC 74 C3 1B B5 06 C8 BA E3 C7 9A D6 C2 57 87 75 B9 59 56 B5 37 0D 1D 05 19 E3 79 06 B3 84 73 62 33 25 1E 8F 09 AD 79 DF BE 2C 6A BF AD AC 8E 4D 86 24 31 8C 27 DA F1 DF 04 01 03 DF 03 14 F5 27 08 1C F3 71 DD 7E 1F D4 FA 41 4A 66 50 36 E0 F5 E6 E5 


---------------^_^ STR 6/15-------------

Comm_Send(102):00 64 30 31 20 20 20 20 20 20 20 20 20 20 70 6F 2D 50 56 32 30 31 39 31 32 2D 30 30 30 30 33 38 30 32 00 42 60 00 03 00 00 60 33 00 33 70 34 08 00 00 00 00 00 00 C0 00 14 30 35 33 31 35 38 31 32 38 39 38 33 33 30 31 36 30 31 32 30 30 32 31 00 11 00 00 16 86 37 00 00 12 9F 06 05 A0 00 00 03 33 9F 22 01 03 

Comm_Recv(312):01 38 60 00 00 00 03 60 33 00 33 70 34 08 10 00 18 00 00 0A C0 00 14 15 46 55 04 15 36 30 30 33 31 39 36 33 38 39 34 32 30 30 30 35 33 31 35 38 31 32 38 39 38 33 33 30 31 36 30 31 32 30 30 32 31 00 11 00 00 16 86 37 00 02 39 31 9F 06 05 A0 00 00 03 33 9F 22 01 03 DF 05 08 32 30 32 34 31 32 33 31 DF 06 01 01 DF 07 01 01 DF 02 81 B0 B0 62 7D EE 87 86 4F 9C 18 C1 3B 9A 1F 02 54 48 BF 13 C5 83 80 C9 1F 4C EB A9 F9 BC B2 14 FF 84 14 E9 B5 9D 6A BA 10 F9 41 C7 33 17 68 F4 7B 21 27 90 7D 85 7F A3 9A AF 8C E0 20 45 DD 01 61 9D 68 9E E7 31 C5 51 15 9B E7 EB 2D 51 A3 72 FF 56 B5 56 E5 CB 2F DE 36 E2 30 73 A4 4C A2 15 D6 C2 6C A6 88 47 B3 88 E3 95 20 E0 02 6E 62 29 4B 55 7D 64 70 44 0C A0 AE FC 94 38 C9 23 AE C9 B2 09 8D 6D 3A 1A F5 E8 B1 DE 36 F4 B5 30 40 10 9D 89 B7 7C AF AF 70 C2 6C 60 1A BD F5 9E EC 0F DC 8A 99 08 91 40 CD 2E 81 7E 33 51 75 B0 3B 7A A3 3D DF 04 01 03 DF 03 14 87 F0 CD 7C 0E 86 F3 8F 89 A6 6F 8C 47 07 1A 8B 88 58 6F 26 


---------------^_^ STR 7/15-------------

Comm_Send(102):00 64 30 31 20 20 20 20 20 20 20 20 20 20 70 6F 2D 50 56 32 30 31 39 31 32 2D 30 30 30 30 33 38 30 32 00 42 60 00 03 00 00 60 33 00 33 70 34 08 00 00 00 00 00 00 C0 00 14 30 35 33 31 35 38 31 32 38 39 38 33 33 30 31 36 30 31 32 30 30 32 31 00 11 00 00 16 86 37 00 00 12 9F 06 05 A0 00 00 03 33 9F 22 01 02 

Comm_Recv(280):01 18 60 00 00 00 03 60 33 00 33 70 34 08 10 00 18 00 00 0A C0 00 14 15 46 56 04 15 36 30 30 33 31 39 36 32 36 33 37 34 30 30 30 35 33 31 35 38 31 32 38 39 38 33 33 30 31 36 30 31 32 30 30 32 31 00 11 00 00 16 86 37 00 02 07 31 9F 06 05 A0 00 00 03 33 9F 22 01 02 DF 05 08 32 30 32 31 31 32 33 31 DF 06 01 01 DF 07 01 01 DF 02 81 90 A3 76 7A BD 1B 6A A6 9D 7F 3F BF 28 C0 92 DE 9E D1 E6 58 BA 5F 09 09 AF 7A 1C CD 90 73 73 B7 21 0F DE B1 62 87 BA 8E 78 E1 52 9F 44 39 76 FD 27 F9 91 EC 67 D9 5E 5F 4E 96 B1 27 CA B2 39 6A 94 D6 E4 5C DA 44 CA 4C 48 67 57 0D 6B 07 54 2F 8D 4B F9 FF 97 97 5D B9 89 15 15 E6 6F 52 5D 2B 3C BE B6 D6 62 BF B6 C3 F3 38 E9 3B 02 14 2B FC 44 17 3A 37 64 C5 6A AD D2 02 07 5B 26 DC 2F 9F 7D 7A E7 4B D7 D0 0F D0 5E E4 30 03 26 63 D2 7A 57 DF 04 01 03 DF 03 14 03 BB 33 5A 85 49 A0 3B 87 AB 08 9D 00 6F 60 85 2E 4B 80 60 


---------------^_^ STR 8/15-------------

Comm_Send(102):00 64 30 31 20 20 20 20 20 20 20 20 20 20 70 6F 2D 50 56 32 30 31 39 31 32 2D 30 30 30 30 33 38 30 32 00 42 60 00 03 00 00 60 33 00 33 70 34 08 00 00 00 00 00 00 C0 00 14 30 35 33 31 35 38 31 32 38 39 38 33 33 30 31 36 30 31 32 30 30 32 31 00 11 00 00 16 86 37 00 00 12 9F 06 05 A0 00 00 03 33 9F 22 01 01 

Comm_Recv(264):01 08 60 00 00 00 03 60 33 00 33 70 34 08 10 00 18 00 00 0A C0 00 14 15 46 56 04 15 36 30 30 33 31 39 36 33 33 32 39 35 30 30 30 35 33 31 35 38 31 32 38 39 38 33 33 30 31 36 30 31 32 30 30 32 31 00 11 00 00 16 86 37 00 01 91 31 9F 06 05 A0 00 00 03 33 9F 22 01 01 DF 05 08 32 30 30 39 31 32 33 31 DF 06 01 01 DF 07 01 01 DF 02 81 80 BB E9 06 6D 25 17 51 1D 23 9C 7B FA 77 88 41 44 AE 20 C7 37 2F 51 51 47 E8 CE 65 37 C5 4C 0A 6A 4D 45 F8 CA 4D 29 08 70 CD A5 9F 13 44 EF 71 D1 7D 3F 35 D9 2F 3F 06 77 8D 0D 51 1E C2 A7 DC 4F FE AD F4 FB 12 53 CE 37 A7 B2 B5 A3 74 12 27 BE F7 25 24 DA 7A 2B 7B 1C B4 26 BE E2 7B C5 13 B0 CB 11 AB 99 BC 1B C6 1D F5 AC 6C C4 D8 31 D0 84 87 88 CD 74 F6 D5 43 AD 37 C5 A2 B4 C5 D5 A9 3B DF 04 01 03 DF 03 14 E8 81 E3 90 67 5D 44 C2 DD 81 23 4D CE 29 C3 F5 AB 22 97 A0 

---------------^_^ STR 9/15-------------

Comm_Send(102):00 64 30 31 20 20 20 20 20 20 20 20 20 20 70 6F 2D 50 56 32 30 31 39 31 32 2D 30 30 30 30 33 38 30 32 00 42 60 00 03 00 00 60 33 00 33 70 34 08 00 00 00 00 00 00 C0 00 14 30 35 33 31 35 38 31 32 38 39 38 33 33 30 31 36 30 31 32 30 30 32 31 00 11 00 00 16 86 37 00 00 12 9F 06 05 A0 00 00 01 52 9F 22 01 05 

Comm_Recv(384):01 80 60 00 00 00 03 60 33 00 33 70 34 08 10 00 18 00 00 0A C0 00 14 15 46 57 04 15 36 30 30 33 31 39 36 33 38 39 35 37 30 30 30 35 33 31 35 38 31 32 38 39 38 33 33 30 31 36 30 31 32 30 30 32 31 00 11 00 00 16 86 37 00 03 11 31 9F 06 05 A0 00 00 01 52 9F 22 01 05 DF 05 08 32 30 32 34 31 32 33 31 DF 06 01 01 DF 07 01 01 DF 02 81 F8 E1 20 0E 9F 44 28 EB 71 A5 26 D6 BB 44 C9 57 F1 8F 27 B2 0B AC E9 78 06 1C CE F2 35 32 DB EB FA F6 54 A1 49 70 1C 14 E6 A2 A7 C2 EC AC 4C 92 13 5B E3 E9 25 83 31 DD B0 96 7C 3D 1D 37 5B 99 6F 25 B7 78 11 CC CC 06 A1 53 B4 CE 69 90 A5 1A 02 58 EA 84 37 ED BE B7 01 CB 1F 33 59 93 E3 F4 84 58 BC 11 94 BA D2 9B F6 83 D5 F3 EC B9 84 E3 1B 7B 9D 2F 6D 94 7B 39 DE DE 02 79 EE 45 B4 7F 2F 3D 4E EE F9 3F 92 61 F8 F5 A5 71 AF BF B5 69 C1 50 37 0A 78 F6 68 3D 68 7C B6 77 77 7B 2E 7A BE FC FC 8F 5F 93 50 17 36 99 7E 83 10 EE 0F D8 7A FA C5 DA 77 2B A2 77 F8 8B 44 45 9F CA 56 35 55 01 7C D0 D6 67 71 43 7F 8B 66 08 AA 1A 66 5F 88 D8 46 40 3E 4C 41 AF EE DB 97 29 C2 B2 51 1C FE 22 8B 50 C1 B1 52 B2 A6 0B BF 61 D8 91 3E 08 62 10 02 3A 3A A4 99 E4 23 DF 04 01 03 DF 03 14 12 BC D4 07 B6 E6 27 A7 50 FD F6 29 EE 8C 2C 9C C7 BA 63 6A 

---------------^_^ STR 10/15-------------

Comm_Send(102):00 64 30 31 20 20 20 20 20 20 20 20 20 20 70 6F 2D 50 56 32 30 31 39 31 32 2D 30 30 30 30 33 38 30 32 00 42 60 00 03 00 00 60 33 00 33 70 34 08 00 00 00 00 00 00 C0 00 14 30 35 33 31 35 38 31 32 38 39 38 33 33 30 31 36 30 31 32 30 30 32 31 00 11 00 00 16 86 37 00 00 12 9F 06 05 A0 00 00 01 52 9F 22 01 04 

Comm_Recv(312):01 38 60 00 00 00 03 60 33 00 33 70 34 08 10 00 18 00 00 0A C0 00 14 15 46 58 04 15 36 30 30 33 31 39 36 33 33 33 30 34 30 30 30 35 33 31 35 38 31 32 38 39 38 33 33 30 31 36 30 31 32 30 30 32 31 00 11 00 00 16 86 37 00 02 39 31 9F 06 05 A0 00 00 01 52 9F 22 01 04 DF 05 08 32 30 32 34 31 32 33 31 DF 06 01 01 DF 07 01 01 DF 02 81 B0 8E EE C0 D6 D3 85 7F D5 58 28 5E 49 B6 23 B1 09 E6 77 4E 06 E9 47 6F E1 B2 FB 27 36 85 B5 A2 35 E9 55 81 0A DD B5 CD CC 2C B6 E1 A9 7A 07 08 9D 7F DE 0A 54 8B DC 62 21 45 CA 2D E3 C7 3D 6B 14 F2 84 B3 DC 1F A0 56 FC 0F B2 81 8B CD 7C 85 2F 0C 97 96 31 69 F0 14 83 CE 1A 63 F0 BF 89 9D 41 2A B6 7C 5B BD C8 B4 F6 FB 9A BB 57 E9 51 25 36 3D BD 8F 5E BA A9 B7 4A DB 93 20 20 50 34 18 33 DE E8 E3 8D 28 BD 17 5C 83 A6 EA 72 0C 26 26 82 BE AB EA 8E 95 5F E6 7B D9 C2 EF F7 CB 9A 9F 45 DD 5B DA 4A 1E EF B1 48 BC 44 FF F6 8D 93 29 FD DF 04 01 03 DF 03 14 17 F9 71 CA F6 B7 08 E5 B9 16 53 31 FB A9 15 93 D0 C0 BF 66 


---------------^_^ STR 11/15-------------

Comm_Send(102):00 64 30 31 20 20 20 20 20 20 20 20 20 20 70 6F 2D 50 56 32 30 31 39 31 32 2D 30 30 30 30 33 38 30 32 00 42 60 00 03 00 00 60 33 00 33 70 34 08 00 00 00 00 00 00 C0 00 14 30 35 33 31 35 38 31 32 38 39 38 33 33 30 31 36 30 31 32 30 30 32 31 00 11 00 00 16 86 37 00 00 12 9F 06 05 A0 00 00 01 52 9F 22 01 03 

Comm_Recv(280):01 18 60 00 00 00 03 60 33 00 33 70 34 08 10 00 18 00 00 0A C0 00 14 15 46 58 04 15 36 30 30 33 31 39 36 33 33 33 30 39 30 30 30 35 33 31 35 38 31 32 38 39 38 33 33 30 31 36 30 31 32 30 30 32 31 00 11 00 00 16 86 37 00 02 07 31 9F 06 05 A0 00 00 01 52 9F 22 01 03 DF 05 08 32 30 31 37 31 32 33 31 DF 06 01 01 DF 07 01 01 DF 02 81 90 BF 32 12 41 BD BF 35 85 FF F2 AC B8 97 72 EB D1 8F 2C 87 21 59 EA A4 BC 17 9F B0 3A 1B 85 0A 1A 75 8F A2 C6 84 9F 48 D4 C4 FF 47 E0 2A 57 5F C1 3E 8E B7 7A C3 71 35 03 0C 56 00 36 9B 55 67 D3 A7 AA F0 20 15 11 5E 98 7E 6B E5 66 B4 B4 CC 03 A4 E2 B1 6C D9 05 16 67 C2 CD 0E EF 4D 76 D2 7A 6F 74 5E 8B BE B4 54 98 ED 8C 30 E2 61 6D B4 DB DA 4B AF 8D 71 99 0C DC 22 A8 A3 87 AC B2 1D D8 8E 2C C2 79 62 B3 1F BD 78 6B BB 55 F9 E0 B0 41 DF 04 01 03 DF 03 14 CA 1E 90 99 32 7F 0B 78 6D 85 83 EC 2F 27 E5 71 89 50 3A 57 

---------------^_^ STR 12/15-------------

Comm_Send(102):00 64 30 31 20 20 20 20 20 20 20 20 20 20 70 6F 2D 50 56 32 30 31 39 31 32 2D 30 30 30 30 33 38 30 32 00 42 60 00 03 00 00 60 33 00 33 70 34 08 00 00 00 00 00 00 C0 00 14 30 35 33 31 35 38 31 32 38 39 38 33 33 30 31 36 30 31 32 30 30 32 31 00 11 00 00 16 86 37 00 00 12 9F 06 05 A0 00 00 00 25 9F 22 01 10 

Comm_Recv(384):01 80 60 00 00 00 03 60 33 00 33 70 34 08 10 00 18 00 00 0A C0 00 14 15 46 59 04 15 36 30 30 33 31 39 36 32 36 33 39 39 30 30 30 35 33 31 35 38 31 32 38 39 38 33 33 30 31 36 30 31 32 30 30 32 31 00 11 00 00 16 86 37 00 03 11 31 9F 06 05 A0 00 00 00 25 9F 22 01 10 DF 05 08 32 30 32 39 31 32 33 31 DF 06 01 01 DF 07 01 01 DF 02 81 F8 CF 98 DF ED B3 D3 72 79 65 EE 77 97 72 33 55 E0 75 1C 81 D2 D3 DF 4D 18 EB AB 9F B9 D4 9F 38 C8 C4 A8 26 B9 9D C9 DE A3 F0 10 43 D4 BF 22 AC 35 50 E2 96 2A 59 63 9B 13 32 15 64 22 F7 88 B9 C1 6D 40 13 5E FD 1B A9 41 47 75 05 75 E6 36 B6 EB C6 18 73 4C 91 C1 D1 BF 3E DC 2A 46 A4 39 01 66 8E 0F FC 13 67 74 08 0E 88 80 44 F6 A1 E6 5D C9 AA A8 92 8D AC BE B0 DB 55 EA 35 14 68 6C 6A 73 2C EF 55 EE 27 CF 87 7F 11 06 52 69 4A 0E 34 84 C8 55 D8 82 AE 19 16 74 E2 5C 29 62 05 BB B5 99 45 51 76 FD D7 BB C5 49 F2 7B A5 FE 35 33 6F 7E 29 E6 8D 78 39 73 19 94 36 63 3C 67 EE 5A 68 0F 05 16 0E D1 2D 16 65 EC 83 D1 99 7F 10 FD 05 BB DB F9 43 3E 8F 79 7A EE 3E 9F 02 A3 42 28 AC E9 27 AB E6 2B 8B 92 81 AD 08 D3 DF 5C 73 79 68 50 45 D7 BA 5F CD E5 86 37 DF 04 01 03 DF 03 14 C7 29 CF 2F D2 62 39 4A BC 4C C1 73 50 65 02 44 6A A9 B9 FD 


---------------^_^ STR 13/15-------------

Comm_Send(102):00 64 30 31 20 20 20 20 20 20 20 20 20 20 70 6F 2D 50 56 32 30 31 39 31 32 2D 30 30 30 30 33 38 30 32 00 42 60 00 03 00 00 60 33 00 33 70 34 08 00 00 00 00 00 00 C0 00 14 30 35 33 31 35 38 31 32 38 39 38 33 33 30 31 36 30 31 32 30 30 32 31 00 11 00 00 16 86 37 00 00 12 9F 06 05 A0 00 00 00 25 9F 22 01 0F 


Comm_Recv(312):01 38 60 00 00 00 03 60 33 00 33 70 34 08 10 00 18 00 00 0A C0 00 14 15 46 59 04 15 36 30 30 33 31 39 36 33 33 33 32 33 30 30 30 35 33 31 35 38 31 32 38 39 38 33 33 30 31 36 30 31 32 30 30 32 31 00 11 00 00 16 86 37 00 02 39 31 9F 06 05 A0 00 00 00 25 9F 22 01 0F DF 05 08 32 30 32 39 31 32 33 31 DF 06 01 01 DF 07 01 01 DF 02 81 B0 C8 D5 AC 27 A5 E1 FB 89 97 8C 7C 64 79 AF 99 3A B3 80 0E B2 43 99 6F BB 2A E2 6B 67 B2 3A C4 82 C4 B7 46 00 5A 51 AF A7 D2 D8 3E 89 4F 59 1A 23 57 B3 0F 85 B8 56 27 FF 15 DA 12 29 0F 70 F0 57 66 55 2B A1 1A D3 4B 71 09 FA 49 DE 29 DC B0 10 96 70 87 5A 17 EA 95 54 9E 92 34 7B 94 8A A1 F0 45 75 6D E5 6B 70 7E 38 63 E5 9A 6C BE 99 C1 27 2E F6 5F B6 6C BB 4C FF 07 0F 36 02 9D D7 62 18 B2 12 42 64 5B 51 CA 75 2A F3 7E 70 BE 1A 84 FF 31 07 9D C0 04 8E 92 88 83 EC 4F AD D4 97 A7 19 38 5C 2B BB EB C5 A6 6A A5 E5 65 5D 18 03 4E C5 DF 04 01 03 DF 03 14 A7 34 72 B3 AB 55 74 93 A9 BC 21 79 CC 80 14 05 3B 12 BA B4 

---------------^_^ STR 14/15-------------

Comm_Send(102):00 64 30 31 20 20 20 20 20 20 20 20 20 20 70 6F 2D 50 56 32 30 31 39 31 32 2D 30 30 30 30 33 38 30 32 00 42 60 00 03 00 00 60 33 00 33 70 34 08 00 00 00 00 00 00 C0 00 14 30 35 33 31 35 38 31 32 38 39 38 33 33 30 31 36 30 31 32 30 30 32 31 00 11 00 00 16 86 37 00 00 12 9F 06 05 A0 00 00 00 25 9F 22 01 0E 

Comm_Recv(280):01 18 60 00 00 00 03 60 33 00 33 70 34 08 10 00 18 00 00 0A C0 00 14 15 47 00 04 15 36 30 30 33 31 39 36 32 36 34 31 33 30 30 30 35 33 31 35 38 31 32 38 39 38 33 33 30 31 36 30 31 32 30 30 32 31 00 11 00 00 16 86 37 00 02 07 31 9F 06 05 A0 00 00 00 25 9F 22 01 0E DF 05 08 32 30 32 38 31 32 33 31 DF 06 01 01 DF 07 01 01 DF 02 81 90 AA 94 A8 C6 DA D2 4F 9B A5 6A 27 C0 9B 01 02 08 19 56 8B 81 A0 26 BE 9F D0 A3 41 6C A9 A7 11 66 ED 50 84 ED 91 CE D4 7D D4 57 DB 7E 6C BC D5 3E 56 0B C5 DF 48 AB C3 80 99 3B 6D 54 9F 51 96 CF A7 7D FB 20 A0 29 61 88 E9 69 A2 77 2E 8C 41 41 66 5F 8B B2 51 6B A2 C7 B5 FC 91 F8 DA 04 E8 D5 12 EB 0F 64 11 51 6F B8 6F C0 21 CE 7E 96 9D A9 4D 33 93 79 09 A5 3A 57 F9 07 C4 0C 22 00 9D A7 53 2C B3 BE 50 9A E1 73 B3 9A D6 A0 1B A5 BB 85 DF 04 01 03 DF 03 14 A7 26 6A BA E6 4B 42 A3 66 88 51 19 1D 49 85 6E 17 F8 FB CD 


---------------^_^ STR 15/15-------------

Comm_Send(102):00 64 30 31 20 20 20 20 20 20 20 20 20 20 70 6F 2D 50 56 32 30 31 39 31 32 2D 30 30 30 30 33 38 30 32 00 42 60 00 03 00 00 60 33 00 33 70 34 08 00 00 00 00 00 00 C0 00 14 30 35 33 31 35 38 31 32 38 39 38 33 33 30 31 36 30 31 32 30 30 32 31 00 11 00 00 16 86 37 00 00 12 9F 06 05 A0 00 00 00 10 9F 22 01 02 

Comm_Recv(384):01 80 60 00 00 00 03 60 33 00 33 70 34 08 10 00 18 00 00 0A C0 00 14 15 47 01 04 15 36 30 30 33 31 39 36 33 33 33 33 36 30 30 30 35 33 31 35 38 31 32 38 39 38 33 33 30 31 36 30 31 32 30 30 32 31 00 11 00 00 16 86 37 00 03 11 31 9F 06 05 A0 00 00 00 10 9F 22 01 02 DF 05 08 32 30 39 39 31 32 33 31 DF 06 01 01 DF 07 01 01 DF 02 81 F8 96 2D E8 34 D8 71 AA 27 D3 46 D6 98 FD 30 BA 7A FA 41 B7 F1 D4 1C 0B 8C 92 67 C9 C0 27 F1 4A F6 02 A6 43 BB F3 54 A0 EA B3 2E 8E 23 F7 89 02 07 7E F1 C3 41 98 BA 76 6C 17 2D 12 BF FB 28 C1 E2 C6 1C 88 3D 48 99 18 1C 4A 1C 6D 84 2F 84 82 A6 63 34 88 5C 47 F9 66 69 66 6A F7 F1 1B 11 1A 98 AE AF 25 CF 70 1C CE CE 2A 51 64 D7 65 32 12 17 D1 82 DA 95 F4 F4 18 73 0C EA 4B DF 30 7B DF B7 76 BE A8 FF FC 5F 83 22 F0 0A 50 24 10 23 2A 43 9C 77 F9 8E DE CC CD 0F DF 07 C0 4A E8 45 D4 7E C4 3F E0 29 D9 E9 C6 2A C8 AB 2A 66 68 55 AD 02 5B 8B DD 8F 2A 5B 42 F7 B0 29 8B 26 1E CC 15 CD 67 6C 1F 26 AA 03 98 8A 70 93 0D AC 2B 91 E5 39 9E 91 21 76 A2 11 25 B7 06 B4 1C 03 F4 26 C8 40 39 02 CA 86 C8 1C E8 07 F5 8F BD B2 1A B1 D0 AC B3 B4 37 FA EC A2 00 4F DF 04 01 03 DF 03 14 A8 60 2A 1C FA F4 FB 7E 11 22 0E 54 B2 84 9F 8E C5 5C 61 9D 


---------------IC 卡公钥参数下载结束报文---------------
Comm_Send(88):00 56 30 31 20 20 20 20 20 20 20 20 20 20 70 6F 2D 50 56 32 30 31 39 31 32 2D 30 30 30 30 33 38 30 32 00 34 60 00 03 00 00 60 33 00 33 70 34 08 00 00 00 00 00 00 C0 00 10 30 35 33 31 35 38 31 32 38 39 38 33 33 30 31 36 30 31 32 30 30 32 31 00 11 00 00 16 86 37 10 

Comm_Recv(71):00 47 60 00 00 00 03 60 33 00 33 70 34 08 10 00 18 00 00 0A C0 00 10 15 47 01 04 15 31 35 34 37 30 31 30 37 32 31 30 38 30 30 30 35 33 31 35 38 31 32 38 39 38 33 33 30 31 36 30 31 32 30 30 32 31 00 11 00 00 16 86 37 10 


---------------^_^ STR AID下载-------------

Comm_Send(93):00 5B 30 31 20 20 20 20 20 20 20 20 20 20 70 6F 2D 50 56 32 30 31 39 31 32 2D 30 30 30 30 33 38 30 32 00 39 60 00 03 00 00 60 33 00 33 70 34 08 20 00 00 00 00 00 C0 00 14 30 35 33 31 35 38 31 32 38 39 38 33 33 30 31 36 30 31 32 30 30 32 31 00 11 00 00 16 86 38 20 00 03 31 30 30 

Comm_Recv(175):00 AF 60 00 00 00 03 60 33 00 33 70 34 08 30 00 18 00 00 02 C0 00 14 15 47 02 04 15 30 30 30 35 33 31 35 38 31 32 38 39 38 33 33 30 31 36 30 31 32 30 30 32 31 00 11 00 00 16 86 38 20 01 14 31 9F 06 07 A0 00 00 00 10 88 88 9F 06 07 A0 00 00 00 25 01 04 9F 06 07 A0 00 00 00 25 01 08 9F 06 07 A0 00 00 00 25 01 09 9F 06 07 A0 00 00 00 25 01 10 9F 06 07 A0 00 00 01 52 30 10 9F 06 08 A0 00 00 03 33 01 01 01 9F 06 08 A0 00 00 03 33 01 01 02 9F 06 08 A0 00 00 03 33 01 01 03 9F 06 08 A0 00 00 03 33 01 01 06 9F 06 06 A0 00 00 07 90 01 

---------------^_^ STR 1/11-------------

Comm_Send(99):00 61 30 31 20 20 20 20 20 20 20 20 20 20 70 6F 2D 50 56 32 30 31 39 31 32 2D 30 30 30 30 33 38 30 32 00 3F 60 00 03 00 00 60 33 00 33 70 34 08 00 00 00 00 00 00 C0 00 14 30 35 33 31 35 38 31 32 38 39 38 33 33 30 31 36 30 31 32 30 30 32 31 00 11 00 00 16 86 38 00 00 09 9F 06 06 A0 00 00 07 90 01 

Comm_Recv(184):00 B8 60 00 00 00 03 60 33 00 33 70 34 08 10 00 18 00 00 0A C0 00 14 15 47 03 04 15 36 30 30 33 31 39 36 32 36 34 34 35 30 30 30 35 33 31 35 38 31 32 38 39 38 33 33 30 31 36 30 31 32 30 30 32 31 00 11 00 00 16 86 38 00 01 11 31 9F 06 06 A0 00 00 07 90 01 DF 01 01 00 9F 09 02 00 30 DF 11 05 D8 40 04 A8 00 DF 12 05 D8 40 04 F8 00 DF 13 05 00 10 00 00 00 9F 1B 04 00 00 00 00 DF 15 04 00 00 00 00 DF 16 01 99 DF 17 01 99 DF 14 03 9F 37 04 DF 18 01 01 9F 7B 06 00 00 00 10 00 00 DF 19 06 00 00 00 10 00 00 DF 20 06 00 09 99 99 99 99 DF 21 06 00 00 00 10 00 00 

---------------^_^ STR 2/11-------------

Comm_Send(101):00 63 30 31 20 20 20 20 20 20 20 20 20 20 70 6F 2D 50 56 32 30 31 39 31 32 2D 30 30 30 30 33 38 30 32 00 41 60 00 03 00 00 60 33 00 33 70 34 08 00 00 00 00 00 00 C0 00 14 30 35 33 31 35 38 31 32 38 39 38 33 33 30 31 36 30 31 32 30 30 32 31 00 11 00 00 16 86 38 00 00 11 9F 06 08 A0 00 00 03 33 01 01 06 

Comm_Recv(186):00 BA 60 00 00 00 03 60 33 00 33 70 34 08 10 00 18 00 00 0A C0 00 14 15 47 03 04 15 36 30 30 33 31 39 36 33 39 30 31 38 30 30 30 35 33 31 35 38 31 32 38 39 38 33 33 30 31 36 30 31 32 30 30 32 31 00 11 00 00 16 86 38 00 01 13 31 9F 06 08 A0 00 00 03 33 01 01 06 DF 01 01 00 9F 09 02 00 20 DF 11 05 FC 78 FC F8 F0 DF 12 05 FC 78 FC F8 F0 DF 13 05 08 10 00 00 00 9F 1B 04 00 00 00 05 DF 15 04 00 00 00 40 DF 16 01 50 DF 17 01 20 DF 14 03 9F 37 04 DF 18 01 01 9F 7B 06 00 00 00 10 00 00 DF 19 06 00 00 00 10 00 00 DF 20 06 00 09 99 99 99 99 DF 21 06 00 00 00 10 00 00 


---------------^_^ STR 3/11-------------

Comm_Send(101):00 63 30 31 20 20 20 20 20 20 20 20 20 20 70 6F 2D 50 56 32 30 31 39 31 32 2D 30 30 30 30 33 38 30 32 00 41 60 00 03 00 00 60 33 00 33 70 34 08 00 00 00 00 00 00 C0 00 14 30 35 33 31 35 38 31 32 38 39 38 33 33 30 31 36 30 31 32 30 30 32 31 00 11 00 00 16 86 38 00 00 11 9F 06 08 A0 00 00 03 33 01 01 03 

Comm_Recv(186):00 BA 60 00 00 00 03 60 33 00 33 70 34 08 10 00 18 00 00 0A C0 00 14 15 47 04 04 15 36 30 30 33 31 39 36 33 33 33 36 37 30 30 30 35 33 31 35 38 31 32 38 39 38 33 33 30 31 36 30 31 32 30 30 32 31 00 11 00 00 16 86 38 00 01 13 31 9F 06 08 A0 00 00 03 33 01 01 03 DF 01 01 00 9F 09 02 00 20 DF 11 05 FC 78 FC F8 F0 DF 12 05 FC 78 FC F8 F0 DF 13 05 08 10 00 00 00 9F 1B 04 00 00 00 05 DF 15 04 00 00 00 40 DF 16 01 50 DF 17 01 20 DF 14 03 9F 37 04 DF 18 01 01 9F 7B 06 00 00 00 10 00 00 DF 19 06 00 00 00 10 00 00 DF 20 06 00 09 99 99 99 99 DF 21 06 00 00 00 10 00 00 

---------------^_^ STR 4/11-------------

Comm_Send(101):00 63 30 31 20 20 20 20 20 20 20 20 20 20 70 6F 2D 50 56 32 30 31 39 31 32 2D 30 30 30 30 33 38 30 32 00 41 60 00 03 00 00 60 33 00 33 70 34 08 00 00 00 00 00 00 C0 00 14 30 35 33 31 35 38 31 32 38 39 38 33 33 30 31 36 30 31 32 30 30 32 31 00 11 00 00 16 86 38 00 00 11 9F 06 08 A0 00 00 03 33 01 01 02 

Comm_Recv(186):00 BA 60 00 00 00 03 60 33 00 33 70 34 08 10 00 18 00 00 0A C0 00 14 15 47 05 04 15 36 30 30 33 31 39 36 33 39 30 33 32 30 30 30 35 33 31 35 38 31 32 38 39 38 33 33 30 31 36 30 31 32 30 30 32 31 00 11 00 00 16 86 38 00 01 13 31 9F 06 08 A0 00 00 03 33 01 01 02 DF 01 01 00 9F 09 02 00 20 DF 11 05 FC 78 FC F8 F0 DF 12 05 FC 78 FC F8 F0 DF 13 05 00 10 00 00 00 9F 1B 04 00 00 00 05 DF 15 04 00 00 00 40 DF 16 01 50 DF 17 01 20 DF 14 03 9F 37 04 DF 18 01 01 9F 7B 06 00 00 00 10 00 00 DF 19 06 00 00 00 10 00 00 DF 20 06 00 09 99 99 99 99 DF 21 06 00 00 00 10 00 00 

---------------^_^ STR 5/11-------------

Comm_Send(101):00 63 30 31 20 20 20 20 20 20 20 20 20 20 70 6F 2D 50 56 32 30 31 39 31 32 2D 30 30 30 30 33 38 30 32 00 41 60 00 03 00 00 60 33 00 33 70 34 08 00 00 00 00 00 00 C0 00 14 30 35 33 31 35 38 31 32 38 39 38 33 33 30 31 36 30 31 32 30 30 32 31 00 11 00 00 16 86 38 00 00 11 9F 06 08 A0 00 00 03 33 01 01 01 

Comm_Recv(186):00 BA 60 00 00 00 03 60 33 00 33 70 34 08 10 00 18 00 00 0A C0 00 14 15 47 05 04 15 36 30 30 33 31 39 36 32 36 34 36 37 30 30 30 35 33 31 35 38 31 32 38 39 38 33 33 30 31 36 30 31 32 30 30 32 31 00 11 00 00 16 86 38 00 01 13 31 9F 06 08 A0 00 00 03 33 01 01 01 DF 01 01 00 9F 09 02 00 20 DF 11 05 FC 78 FC F8 F0 DF 12 05 FC 78 FC F8 F0 DF 13 05 00 10 00 00 00 9F 1B 04 00 00 00 05 DF 15 04 00 00 00 40 DF 16 01 50 DF 17 01 20 DF 14 03 9F 37 04 DF 18 01 01 9F 7B 06 00 00 00 10 00 00 DF 19 06 00 00 00 10 00 00 DF 20 06 00 09 99 99 99 99 DF 21 06 00 00 00 10 00 00 

---------------^_^ STR 6/11-------------

Comm_Send(100):00 62 30 31 20 20 20 20 20 20 20 20 20 20 70 6F 2D 50 56 32 30 31 39 31 32 2D 30 30 30 30 33 38 30 32 00 40 60 00 03 00 00 60 33 00 33 70 34 08 00 00 00 00 00 00 C0 00 14 30 35 33 31 35 38 31 32 38 39 38 33 33 30 31 36 30 31 32 30 30 32 31 00 11 00 00 16 86 38 00 00 10 9F 06 07 A0 00 00 01 52 30 10 


Comm_Recv(185):00 B9 60 00 00 00 03 60 33 00 33 70 34 08 10 00 18 00 00 0A C0 00 14 15 47 06 04 15 36 30 30 33 31 39 36 33 33 33 38 38 30 30 30 35 33 31 35 38 31 32 38 39 38 33 33 30 31 36 30 31 32 30 30 32 31 00 11 00 00 16 86 38 00 01 12 31 9F 06 07 A0 00 00 01 52 30 10 DF 01 01 00 9F 09 02 00 01 DF 11 05 DC 00 00 20 00 DF 12 05 FC E0 9C F8 00 DF 13 05 00 10 00 00 00 9F 1B 04 00 00 00 00 DF 15 04 00 00 00 00 DF 16 01 00 DF 17 01 00 DF 14 03 9F 37 04 DF 18 01 01 9F 7B 06 00 00 00 00 00 00 DF 19 06 00 00 00 00 00 00 DF 20 06 00 00 00 00 00 00 DF 21 06 00 00 00 00 00 00 

---------------^_^ STR 7/11-------------

Comm_Send(100):00 62 30 31 20 20 20 20 20 20 20 20 20 20 70 6F 2D 50 56 32 30 31 39 31 32 2D 30 30 30 30 33 38 30 32 00 40 60 00 03 00 00 60 33 00 33 70 34 08 00 00 00 00 00 00 C0 00 14 30 35 33 31 35 38 31 32 38 39 38 33 33 30 31 36 30 31 32 30 30 32 31 00 11 00 00 16 86 38 00 00 10 9F 06 07 A0 00 00 00 25 01 10 

Comm_Recv(185):00 B9 60 00 00 00 03 60 33 00 33 70 34 08 10 00 18 00 00 0A C0 00 14 15 47 07 04 15 36 30 30 33 31 39 36 33 39 30 35 32 30 30 30 35 33 31 35 38 31 32 38 39 38 33 33 30 31 36 30 31 32 30 30 32 31 00 11 00 00 16 86 38 00 01 12 31 9F 06 07 A0 00 00 00 25 01 10 DF 01 01 00 9F 09 02 00 01 DF 11 05 DC 50 FC 98 00 DF 12 05 DE 00 FC 98 00 DF 13 05 00 10 00 00 00 9F 1B 04 00 00 00 00 DF 15 04 00 00 00 00 DF 16 01 10 DF 17 01 10 DF 14 03 9F 37 04 DF 18 01 00 9F 7B 06 00 00 00 10 00 01 DF 19 06 00 00 00 10 00 00 DF 20 06 00 00 00 00 00 00 DF 21 06 00 00 00 00 00 00 

---------------^_^ STR 8/11-------------
Comm_Send(100):00 62 30 31 20 20 20 20 20 20 20 20 20 20 70 6F 2D 50 56 32 30 31 39 31 32 2D 30 30 30 30 33 38 30 32 00 40 60 00 03 00 00 60 33 00 33 70 34 08 00 00 00 00 00 00 C0 00 14 30 35 33 31 35 38 31 32 38 39 38 33 33 30 31 36 30 31 32 30 30 32 31 00 11 00 00 16 86 38 00 00 10 9F 06 07 A0 00 00 00 25 01 09 

Comm_Recv(185):00 B9 60 00 00 00 03 60 33 00 33 70 34 08 10 00 18 00 00 0A C0 00 14 15 47 08 04 15 36 30 30 33 31 39 36 32 36 34 39 32 30 30 30 35 33 31 35 38 31 32 38 39 38 33 33 30 31 36 30 31 32 30 30 32 31 00 11 00 00 16 86 38 00 01 12 31 9F 06 07 A0 00 00 00 25 01 09 DF 01 01 00 9F 09 02 00 01 DF 11 05 DC 50 FC 98 00 DF 12 05 DE 00 FC 98 00 DF 13 05 00 10 00 00 00 9F 1B 04 00 00 00 00 DF 15 04 00 00 00 00 DF 16 01 10 DF 17 01 10 DF 14 03 9F 37 04 DF 18 01 00 9F 7B 06 00 00 00 10 00 01 DF 19 06 00 00 00 10 00 00 DF 20 06 00 00 00 00 00 00 DF 21 06 00 00 00 00 00 00 

---------------^_^ STR 9/11-------------
Comm_Send(100):00 62 30 31 20 20 20 20 20 20 20 20 20 20 70 6F 2D 50 56 32 30 31 39 31 32 2D 30 30 30 30 33 38 30 32 00 40 60 00 03 00 00 60 33 00 33 70 34 08 00 00 00 00 00 00 C0 00 14 30 35 33 31 35 38 31 32 38 39 38 33 33 30 31 36 30 31 32 30 30 32 31 00 11 00 00 16 86 38 00 00 10 9F 06 07 A0 00 00 00 25 01 08 

Comm_Recv(185):00 B9 60 00 00 00 03 60 33 00 33 70 34 08 10 00 18 00 00 0A C0 00 14 15 47 08 04 15 36 30 30 33 31 39 36 33 33 34 31 32 30 30 30 35 33 31 35 38 31 32 38 39 38 33 33 30 31 36 30 31 32 30 30 32 31 00 11 00 00 16 86 38 00 01 12 31 9F 06 07 A0 00 00 00 25 01 08 DF 01 01 00 9F 09 02 00 01 DF 11 05 DC 50 FC 98 00 DF 12 05 DE 00 FC 98 00 DF 13 05 00 10 00 00 00 9F 1B 04 00 00 00 00 DF 15 04 00 00 00 00 DF 16 01 10 DF 17 01 10 DF 14 03 9F 37 04 DF 18 01 00 9F 7B 06 00 00 00 10 00 01 DF 19 06 00 00 00 10 00 00 DF 20 06 00 00 00 00 00 00 DF 21 06 00 00 00 00 00 00 


---------------^_^ STR 10/11-------------

Comm_Send(100):00 62 30 31 20 20 20 20 20 20 20 20 20 20 70 6F 2D 50 56 32 30 31 39 31 32 2D 30 30 30 30 33 38 30 32 00 40 60 00 03 00 00 60 33 00 33 70 34 08 00 00 00 00 00 00 C0 00 14 30 35 33 31 35 38 31 32 38 39 38 33 33 30 31 36 30 31 32 30 30 32 31 00 11 00 00 16 86 38 00 00 10 9F 06 07 A0 00 00 00 25 01 04 

Comm_Recv(185):00 B9 60 00 00 00 03 60 33 00 33 70 34 08 10 00 18 00 00 0A C0 00 14 15 47 09 04 15 36 30 30 33 31 39 36 33 33 34 32 33 30 30 30 35 33 31 35 38 31 32 38 39 38 33 33 30 31 36 30 31 32 30 30 32 31 00 11 00 00 16 86 38 00 01 12 31 9F 06 07 A0 00 00 00 25 01 04 DF 01 01 00 9F 09 02 00 01 DF 11 05 DC 50 FC 98 00 DF 12 05 DE 00 FC 98 00 DF 13 05 00 10 00 00 00 9F 1B 04 00 00 00 00 DF 15 04 00 00 00 00 DF 16 01 10 DF 17 01 10 DF 14 03 9F 37 04 DF 18 01 00 9F 7B 06 00 00 00 10 00 01 DF 19 06 00 00 00 10 00 00 DF 20 06 00 00 00 00 00 00 DF 21 06 00 00 00 00 00 00 


---------------^_^ STR 11/11-------------

Comm_Send(100):00 62 30 31 20 20 20 20 20 20 20 20 20 20 70 6F 2D 50 56 32 30 31 39 31 32 2D 30 30 30 30 33 38 30 32 00 40 60 00 03 00 00 60 33 00 33 70 34 08 00 00 00 00 00 00 C0 00 14 30 35 33 31 35 38 31 32 38 39 38 33 33 30 31 36 30 31 32 30 30 32 31 00 11 00 00 16 86 38 00 00 10 9F 06 07 A0 00 00 00 10 88 88 


Comm_Recv(185):00 B9 60 00 00 00 03 60 33 00 33 70 34 08 10 00 18 00 00 0A C0 00 14 15 47 09 04 15 36 30 30 33 31 39 36 33 39 30 38 32 30 30 30 35 33 31 35 38 31 32 38 39 38 33 33 30 31 36 30 31 32 30 30 32 31 00 11 00 00 16 86 38 00 01 12 31 9F 06 07 A0 00 00 00 10 88 88 DF 01 01 00 9F 09 02 00 02 DF 11 05 FC 50 B8 80 00 DF 12 05 FC 50 B8 80 00 DF 13 05 00 00 00 00 00 9F 1B 04 00 00 00 00 DF 15 04 00 00 00 00 DF 16 01 99 DF 17 01 99 DF 14 03 9F 37 04 DF 18 01 01 9F 7B 06 00 00 00 00 00 00 DF 19 06 00 00 00 00 00 00 DF 20 06 00 09 99 99 99 99 DF 21 06 00 00 00 10 00 00 


---------------IC 卡参数下载结束报文---------------
Comm_Send(88):00 56 30 31 20 20 20 20 20 20 20 20 20 20 70 6F 2D 50 56 32 30 31 39 31 32 2D 30 30 30 30 33 38 30 32 00 34 60 00 03 00 00 60 33 00 33 70 34 08 00 00 00 00 00 00 C0 00 10 30 35 33 31 35 38 31 32 38 39 38 33 33 30 31 36 30 31 32 30 30 32 31 00 11 00 00 16 86 38 10 

Comm_Recv(71):00 47 60 00 00 00 03 60 33 00 33 70 34 08 10 00 18 00 00 0A C0 00 10 15 47 10 04 15 31 35 34 37 31 30 30 37 34 30 37 38 30 30 30 35 33 31 35 38 31 32 38 39 38 33 33 30 31 36 30 31 32 30 30 32 31 00 11 00 00 16 86 38 10 

---------------^_^ STR 终端业务控制参数下载-------------

Comm_Send(88):00 56 30 31 20 20 20 20 20 20 20 20 20 20 70 6F 2D 50 56 32 30 31 39 31 32 2D 30 30 30 30 33 38 30 32 00 34 60 00 03 00 00 60 33 00 33 70 34 08 00 00 00 00 00 00 C0 00 10 30 35 33 31 35 38 31 32 38 39 38 33 33 30 31 36 30 31 32 30 30 32 31 00 11 00 00 16 86 39 40 

Comm_Recv(199):00 C7 60 00 00 00 03 60 33 00 33 70 34 08 10 00 18 00 00 0A C0 00 14 15 47 11 04 15 31 35 34 37 31 31 30 36 37 33 39 34 30 30 30 35 33 31 35 38 31 32 38 39 38 33 33 30 31 36 30 31 32 30 30 32 31 00 11 00 00 16 86 39 40 01 26 46 46 38 30 33 41 30 30 33 30 31 30 46 46 38 30 33 43 30 30 33 30 36 30 46 46 38 30 35 39 30 31 32 30 30 30 30 30 30 30 33 30 30 30 30 46 46 38 30 35 34 30 30 31 31 46 46 38 30 35 35 30 30 31 30 46 46 38 30 35 36 30 30 31 30 46 46 38 30 35 37 30 30 31 30 46 46 38 30 35 44 30 30 31 30 46 46 38 30 35 38 30 31 32 30 30 30 30 30 30 31 30 30 30 30 30 46 46 38 30 35 41 30 30 31 31 


---------------^_^ STR 终端业务控制参数下载结束-------------
Comm_Send(88):00 56 30 31 20 20 20 20 20 20 20 20 20 20 70 6F 2D 50 56 32 30 31 39 31 32 2D 30 30 30 30 33 38 30 32 00 34 60 00 03 00 00 60 33 00 33 70 34 08 00 00 00 00 00 00 C0 00 10 30 35 33 31 35 38 31 32 38 39 38 33 33 30 31 36 30 31 32 30 30 32 31 00 11 00 00 16 86 39 50 

Comm_Recv(71):00 47 60 00 00 00 03 60 33 00 33 70 34 08 10 00 18 00 00 0A C0 00 10 15 47 12 04 15 31 35 34 37 31 32 30 36 38 39 35 36 30 30 30 35 33 31 35 38 31 32 38 39 38 33 33 30 31 36 30 31 32 30 30 32 31 00 11 00 00 16 86 39 50 

---------------^_^ STR BINC下载-------------

Comm_Send(93):00 5B 30 31 20 20 20 20 20 20 20 20 20 20 70 6F 2D 50 56 32 30 31 39 31 32 2D 30 30 30 30 33 38 30 32 00 39 60 00 03 00 00 60 33 00 33 70 34 08 00 00 00 00 00 00 C0 00 14 30 35 33 31 35 38 31 32 38 39 38 33 33 30 31 36 30 31 32 30 30 32 31 00 11 00 00 16 86 39 80 00 03 30 30 30 

Comm_Recv(77):00 4D 60 00 00 00 03 60 33 00 33 70 34 08 10 00 18 00 00 0A C0 00 14 15 47 13 04 15 31 35 34 37 31 33 30 36 37 37 36 32 30 30 30 35 33 31 35 38 31 32 38 39 38 33 33 30 31 36 30 31 32 30 30 32 31 00 11 00 00 16 86 39 80 00 04 30 30 30 30 

---------------^_^ STR BINC下载结束-------------
Comm_Send(88):00 56 30 31 20 20 20 20 20 20 20 20 20 20 70 6F 2D 50 56 32 30 31 39 31 32 2D 30 30 30 30 33 38 30 32 00 34 60 00 03 00 00 60 33 00 33 70 34 08 00 00 00 00 00 00 C0 00 10 30 35 33 31 35 38 31 32 38 39 38 33 33 30 31 36 30 31 32 30 30 32 31 00 11 00 00 16 86 39 90 
Comm_Recv(71):00 47 60 00 00 00 03 60 33 00 33 70 34 08 10 00 18 00 00 0A C0 00 10 15 47 14 04 15 31 35 34 37 31 34 30 36 35 35 39 36 30 30 30 35 33 31 35 38 31 32 38 39 38 33 33 30 31 36 30 31 32 30 30 32 31 00 11 00 00 16 86 39 90 

