
查询：
00 39 60 00 03 00 00 60 33 00 33 70 34 08 20 00 00 00 00 00 C0 00 14 31 32 33 34 35 36 37 38 31 32 33 34 35 36 37 38 39 30 31 32 33 34 35 00 11 00 00 00 01 38 20 00 03 31 30 30 
Message = 0820
BitMap  = 00 00 00 00 00 C0 00 14 
Bit 41 = 12345678
Bit 42 = 123456789012345
Bit 60 = (11)00000001382
Bit 62 = (3)31 30 30 
Process OK!



0076600000020160310001e00e0830001800000ac0001409063609233235303932333039303633363030303030303030303030303030303030303030303030303000110000000138200045319f0608a0000003330101019f0608a0000003330101029f0608a0000003330101039f0608a000000333010106

60 00 00 02 01 60 31 00 01 e0 0e 08 30 00 18 00 
00 0a c0 00 14 09 06 36 09 23 32 35 30 39 32 33 
30 39 30 36 33 36 30 30 30 30 30 30 30 30 30 30 
30 30 30 30 30 30 30 30 30 30 30 30 30 30 30 00 
11 00 00 00 01 38 20 00 45 31 9f 06 08 a0 00 00 
03 33 01 01 01 9f 06 08 a0 00 00 03 33 01 01 02 
9f 06 08 a0 00 00 03 33 01 01 03 9f 06 08 a0 00 
00 03 33 01 01 06                               
Message = 0830
BitMap  = 00 18 00 00 0A C0 00 14 
Bit 12 = 090636
Bit 13 = 0923
Bit 37 = 250923090636
Bit 39 = 00
Bit 41 = 00000000
Bit 42 = 000000000000000
Bit 60 = (11)00000001382
Bit 62 = (45)31 9F 06 08 A0 00 00 03 33 01 01 01 9F 06 08 A0 00 00 03 33 01 01 02 9F 06 08 A0 00 00 03 33 01 01 03 9F 06 08 A0 00 00 03 33 01 01 06 
Process OK!

下载1：
00 41 60 00 03 00 00 60 33 00 33 70 34 08 00 00 00 00 00 00 C0 00 14 31 32 33 34 35 36 37 38 31 32 33 34 35 36 37 38 39 30 31 32 33 34 35 00 11 00 00 00 01 38 00 00 11 9F 06 08 A0 00 00 03 33 01 01 01 
Message = 0800
BitMap  = 00 00 00 00 00 C0 00 14 
Bit 41 = 12345678
Bit 42 = 123456789012345
Bit 60 = (11)00000001380
Bit 62 = (11)9F 06 08 A0 00 00 03 33 01 01 01 
Process OK!



00BA600000020160310001e00e0810001800000ac0001409063609233235303932333039303633363030303030303030303030303030303030303030303030303000110000000138000113319f0608a000000333010101df0101009f08020020df1105d84000a800df1205d84004f800df130500100000009f1b0400000064df150400000000df160199df170199df14039f3704df1801019f7b06000000100000df1906000000100000df2006000000100000df2106000000100000

60 00 00 02 01 60 31 00 01 e0 0e 08 10 00 18 00
00 0a c0 00 14 09 06 36 09 23 32 35 30 39 32 33
30 39 30 36 33 36 30 30 30 30 30 30 30 30 30 30
30 30 30 30 30 30 30 30 30 30 30 30 30 30 30 00
11 00 00 00 01 38 00 01 13 31 9f 06 08 a0 00 00
03 33 01 01 01 df 01 01 00 9f 08 02 00 20 df 11
05 d8 40 00 a8 00 df 12 05 d8 40 04 f8 00 df 13
05 00 10 00 00 00 9f 1b 04 00 00 00 64 df 15 04
00 00 00 00 df 16 01 99 df 17 01 99 df 14 03 9f
37 04 df 18 01 01 9f 7b 06 00 00 00 10 00 00 df
19 06 00 00 00 10 00 00 df 20 06 00 00 00 10 00
00 df 21 06 00 00 00 10 00 00                  
Message = 0810
BitMap  = 00 18 00 00 0A C0 00 14 
Bit 12 = 090636
Bit 13 = 0923
Bit 37 = 250923090636
Bit 39 = 00
Bit 41 = 00000000
Bit 42 = 000000000000000
Bit 60 = (11)00000001380
Bit 62 = (113)31 9F 06 08 A0 00 00 03 33 01 01 01 DF 01 01 00 9F 08 02 00 20 DF 11 05 D8 40 00 A8 00 DF 12 05 D8 40 04 F8 00 DF 13 05 00 10 00 00 00 9F 1B 04 00 00 00 64 DF 15 04 00 00 00 00 DF 16 01 99 DF 17 01 99 DF 14 03 9F 37 04 DF 18 01 01 9F 7B 06 00 00 00 10 00 00 DF 19 06 00 00 00 10 00 00 DF 20 06 00 00 00 10 00 00 DF 21 06 00 00 00 10 00 00 
Process OK!

下载2：
00 41 60 00 03 00 00 60 33 00 33 70 34 08 00 00 00 00 00 00 C0 00 14 31 32 33 34 35 36 37 38 31 32 33 34 35 36 37 38 39 30 31 32 33 34 35 00 11 00 00 00 01 38 00 00 11 9F 06 08 A0 00 00 03 33 01 01 02 
Message = 0800
BitMap  = 00 00 00 00 00 C0 00 14 
Bit 41 = 12345678
Bit 42 = 123456789012345
Bit 60 = (11)00000001380
Bit 62 = (11)9F 06 08 A0 00 00 03 33 01 01 02 
Process OK!



00BA600000020160310001e00e0810001800000ac0001409063609233235303932333039303633363030303030303030303030303030303030303030303030303000110000000138000113319f0608a000000333010102df0101009f08020020df1105d84000a800df1205d84004f800df130500100000009f1b0400000000df150400000000df160199df170199df14039f3704df1801019f7b06000000100000df1906000000100000df2006000000100000df2106000000100000

60 00 00 02 01 60 31 00 01 e0 0e 08 10 00 18 00
00 0a c0 00 14 09 06 36 09 23 32 35 30 39 32 33
30 39 30 36 33 36 30 30 30 30 30 30 30 30 30 30
30 30 30 30 30 30 30 30 30 30 30 30 30 30 30 00
11 00 00 00 01 38 00 01 13 31 9f 06 08 a0 00 00
03 33 01 01 02 df 01 01 00 9f 08 02 00 20 df 11
05 d8 40 00 a8 00 df 12 05 d8 40 04 f8 00 df 13
05 00 10 00 00 00 9f 1b 04 00 00 00 00 df 15 04
00 00 00 00 df 16 01 99 df 17 01 99 df 14 03 9f
37 04 df 18 01 01 9f 7b 06 00 00 00 10 00 00 df
19 06 00 00 00 10 00 00 df 20 06 00 00 00 10 00
00 df 21 06 00 00 00 10 00 00                  
Message = 0810
BitMap  = 00 18 00 00 0A C0 00 14 
Bit 12 = 090636
Bit 13 = 0923
Bit 37 = 250923090636
Bit 39 = 00
Bit 41 = 00000000
Bit 42 = 000000000000000
Bit 60 = (11)00000001380
Bit 62 = (113)31 9F 06 08 A0 00 00 03 33 01 01 02 DF 01 01 00 9F 08 02 00 20 DF 11 05 D8 40 00 A8 00 DF 12 05 D8 40 04 F8 00 DF 13 05 00 10 00 00 00 9F 1B 04 00 00 00 00 DF 15 04 00 00 00 00 DF 16 01 99 DF 17 01 99 DF 14 03 9F 37 04 DF 18 01 01 9F 7B 06 00 00 00 10 00 00 DF 19 06 00 00 00 10 00 00 DF 20 06 00 00 00 10 00 00 DF 21 06 00 00 00 10 00 00 
Process OK!


下载3：
00 41 60 00 03 00 00 60 33 00 33 70 34 08 00 00 00 00 00 00 C0 00 14 31 32 33 34 35 36 37 38 31 32 33 34 35 36 37 38 39 30 31 32 33 34 35 00 11 00 00 00 01 38 00 00 11 9F 06 08 A0 00 00 03 33 01 01 03 
Message = 0800
BitMap  = 00 00 00 00 00 C0 00 14 
Bit 41 = 12345678
Bit 42 = 123456789012345
Bit 60 = (11)00000001380
Bit 62 = (11)9F 06 08 A0 00 00 03 33 01 01 03 
Process OK!



00BA600000020160310001e00e0810001800000ac0001409063709233235303932333039303633373030303030303030303030303030303030303030303030303000110000000138000113319f0608a000000333010103df0101009f08020020df1105d84000a800df1205d84004f800df130500100000009f1b0400000000df150400000000df160199df170199df14039f3704df1801019f7b06000000100000df1906000000100000df2006000000100000df2106000000100000

60 00 00 02 01 60 31 00 01 e0 0e 08 10 00 18 00
00 0a c0 00 14 09 06 37 09 23 32 35 30 39 32 33
30 39 30 36 33 37 30 30 30 30 30 30 30 30 30 30
30 30 30 30 30 30 30 30 30 30 30 30 30 30 30 00
11 00 00 00 01 38 00 01 13 31 9f 06 08 a0 00 00
03 33 01 01 03 df 01 01 00 9f 08 02 00 20 df 11
05 d8 40 00 a8 00 df 12 05 d8 40 04 f8 00 df 13
05 00 10 00 00 00 9f 1b 04 00 00 00 00 df 15 04
00 00 00 00 df 16 01 99 df 17 01 99 df 14 03 9f
37 04 df 18 01 01 9f 7b 06 00 00 00 10 00 00 df
19 06 00 00 00 10 00 00 df 20 06 00 00 00 10 00
00 df 21 06 00 00 00 10 00 00                  
Message = 0810
BitMap  = 00 18 00 00 0A C0 00 14 
Bit 12 = 090637
Bit 13 = 0923
Bit 37 = 250923090637
Bit 39 = 00
Bit 41 = 00000000
Bit 42 = 000000000000000
Bit 60 = (11)00000001380
Bit 62 = (113)31 9F 06 08 A0 00 00 03 33 01 01 03 DF 01 01 00 9F 08 02 00 20 DF 11 05 D8 40 00 A8 00 DF 12 05 D8 40 04 F8 00 DF 13 05 00 10 00 00 00 9F 1B 04 00 00 00 00 DF 15 04 00 00 00 00 DF 16 01 99 DF 17 01 99 DF 14 03 9F 37 04 DF 18 01 01 9F 7B 06 00 00 00 10 00 00 DF 19 06 00 00 00 10 00 00 DF 20 06 00 00 00 10 00 00 DF 21 06 00 00 00 10 00 00 
Process OK!

下载4：
00 41 60 00 03 00 00 60 33 00 33 70 34 08 00 00 00 00 00 00 C0 00 14 31 32 33 34 35 36 37 38 31 32 33 34 35 36 37 38 39 30 31 32 33 34 35 00 11 00 00 00 01 38 00 00 11 9F 06 08 A0 00 00 03 33 01 01 06 
Message = 0800
BitMap  = 00 00 00 00 00 C0 00 14 
Bit 41 = 12345678
Bit 42 = 123456789012345
Bit 60 = (11)00000001380
Bit 62 = (11)9F 06 08 A0 00 00 03 33 01 01 06 
Process OK!



00BA600000020160310001e00e0810001800000ac0001409063709233235303932333039303633373030303030303030303030303030303030303030303030303000110000000138000113319f0608a000000333010106df0101009f08020020df1105d84000a800df1205d84004f800df130500100000009f1b0400000000df150400000000df160199df170199df14039f3704df1801019f7b06000000100000df1906000000100000df2006000000100000df2106000000100000

60 00 00 02 01 60 31 00 01 e0 0e 08 10 00 18 00
00 0a c0 00 14 09 06 37 09 23 32 35 30 39 32 33
30 39 30 36 33 37 30 30 30 30 30 30 30 30 30 30
30 30 30 30 30 30 30 30 30 30 30 30 30 30 30 00
11 00 00 00 01 38 00 01 13 31 9f 06 08 a0 00 00
03 33 01 01 06 df 01 01 00 9f 08 02 00 20 df 11
05 d8 40 00 a8 00 df 12 05 d8 40 04 f8 00 df 13
05 00 10 00 00 00 9f 1b 04 00 00 00 00 df 15 04
00 00 00 00 df 16 01 99 df 17 01 99 df 14 03 9f
37 04 df 18 01 01 9f 7b 06 00 00 00 10 00 00 df
19 06 00 00 00 10 00 00 df 20 06 00 00 00 10 00
00 df 21 06 00 00 00 10 00 00                  
Message = 0810
BitMap  = 00 18 00 00 0A C0 00 14 
Bit 12 = 090637
Bit 13 = 0923
Bit 37 = 250923090637
Bit 39 = 00
Bit 41 = 00000000
Bit 42 = 000000000000000
Bit 60 = (11)00000001380
Bit 62 = (113)31 9F 06 08 A0 00 00 03 33 01 01 06 DF 01 01 00 9F 08 02 00 20 DF 11 05 D8 40 00 A8 00 DF 12 05 D8 40 04 F8 00 DF 13 05 00 10 00 00 00 9F 1B 04 00 00 00 00 DF 15 04 00 00 00 00 DF 16 01 99 DF 17 01 99 DF 14 03 9F 37 04 DF 18 01 01 9F 7B 06 00 00 00 10 00 00 DF 19 06 00 00 00 10 00 00 DF 20 06 00 00 00 10 00 00 DF 21 06 00 00 00 10 00 00 
Process OK!


结束：
00 34 60 00 03 00 00 60 33 00 33 70 34 08 00 00 00 00 00 00 C0 00 10 31 32 33 34 35 36 37 38 31 32 33 34 35 36 37 38 39 30 31 32 33 34 35 00 11 00 00 00 01 38 10 
Message = 0800
BitMap  = 00 00 00 00 00 C0 00 10 
Bit 41 = 12345678
Bit 42 = 123456789012345
Bit 60 = (11)00000001381
Process OK!



004A600000020160310001e00e0810001800000ac000140906370923323530393233303930363337303030303030303030303030303030303030303030303030300011000000013810000130

60 00 00 02 01 60 31 00 01 e0 0e 08 10 00 18 00
00 0a c0 00 14 09 06 37 09 23 32 35 30 39 32 33
30 39 30 36 33 37 30 30 30 30 30 30 30 30 30 30
30 30 30 30 30 30 30 30 30 30 30 30 30 30 30 00
11 00 00 00 01 38 10 00 01 30                  
Message = 0810
BitMap  = 00 18 00 00 0A C0 00 14 
Bit 12 = 090637
Bit 13 = 0923
Bit 37 = 250923090637
Bit 39 = 00
Bit 41 = 00000000
Bit 42 = 000000000000000
Bit 60 = (11)00000001381
Bit 62 = (1)30 
Process OK!

